i  time(ms)  Pressure(hPa)  Temperature(C) 
0 1348556  759.89  0.00 
1 1350559  503.89  26.90 
2 1352561  868.76  27.04 
3 1354563  972.33  27.17 
4 1356565  1002.22  27.30 
5 1358567  993.68  27.43 
6 1360569  999.55  27.56 
7 1362571  1001.02  27.67 
8 1364573  1001.37  27.80 
9 1366575  1001.47  27.94 
10 1368577  1001.50  28.03 
11 1370579  1001.49  28.13 
12 1372582  1001.49  28.24 
13 1374584  1001.50  28.34 
14 1376587  1001.51  28.44 
15 1378589  1001.51  28.53 
16 1380591  1001.53  28.63 
17 1382593  1001.52  28.72 
18 1384595  1001.52  28.82 
19 1386597  1001.53  28.90 
20 1388599  1001.52  28.99 
21 1390601  1001.52  29.09 
22 1392603  1001.53  29.17 
23 1394605  1001.52  29.25 
24 1396607  1001.53  29.33 
25 1398609  1001.53  29.40 
26 1400613  1001.52  29.48 
27 1402616  1001.51  29.56 
28 1404618  1001.52  29.63 
29 1406620  1001.55  29.71 
30 1408622  1001.53  29.79 
31 1410624  1001.55  29.87 
32 1412626  1001.55  29.94 
33 1414628  1001.55  30.01 
34 1416630  1001.52  30.10 
35 1418632  1001.53  30.17 
36 1420634  1001.53  30.23 
37 1422637  1001.53  30.31 
38 1424639  1001.52  30.39 
39 1426642  1001.53  30.45 
40 1428644  1001.53  30.52 
41 1430647  1001.55  30.60 
42 1432649  1001.54  30.66 
43 1434651  1001.51  30.74 
44 1436653  1001.52  30.78 
45 1438655  1001.52  30.85 
46 1440657  1001.53  30.94 
47 1442659  1001.53  30.98 
48 1444661  1001.52  31.03 
49 1446663  1001.53  31.08 
50 1448665  1001.52  31.15 
51 1450667  1001.51  31.19 
52 1452670  1001.53  31.25 
53 1454672  1001.52  31.31 
54 1456675  1001.54  31.34 
55 1458677  1001.56  31.39 
56 1460679  1001.55  31.44 
57 1462681  1001.52  31.48 
58 1464683  1001.52  31.52 
59 1466685  1001.54  31.57 
60 1468687  1001.52  31.64 
61 1470689  1001.54  31.68 
62 1472691  1001.54  31.74 
63 1474693  1001.54  31.78 
64 1476695  1001.54  31.84 
65 1478698  1001.54  31.88 
66 1480700  1001.55  31.94 
67 1482703  1001.55  32.00 
68 1484705  1001.52  32.02 
69 1486707  1001.54  32.08 
70 1488709  1001.54  32.09 
71 1490711  1001.54  32.15 
72 1492713  1001.53  32.18 
73 1494715  1001.54  32.20 
74 1496717  1001.54  32.26 
75 1498719  1001.53  32.28 
76 1500721  1001.53  32.32 
77 1502723  1001.54  32.36 
78 1504726  1001.54  32.39 
79 1506728  1001.53  32.45 
80 1508731  1001.53  32.48 
81 1510733  1001.53  32.51 
82 1512735  1001.53  32.54 
83 1514737  1001.56  32.56 
84 1516739  1001.55  32.60 
85 1518741  1001.53  32.64 
86 1520743  1001.51  32.66 
87 1522745  1001.53  32.69 
88 1524747  1001.55  32.71 
89 1526749  1001.52  32.75 
90 1528751  1001.54  32.78 
91 1530753  1001.55  32.81 
92 1532756  1001.53  32.83 
93 1534758  1001.53  32.83 
94 1536760  1001.51  32.85 
95 1538762  1001.51  32.88 
96 1540764  1001.51  32.91 
97 1542766  1001.53  32.94 
98 1544768  1001.52  32.95 
99 1546770  1001.53  32.99 
100 1548772  1001.52  32.97 
101 1550774  1001.51  33.03 
102 1552776  1001.51  33.06 
103 1554778  1001.52  33.08 
104 1556780  1001.52  33.11 
105 1558783  1001.54  33.13 
106 1560785  1001.54  33.15 
107 1562788  1001.51  33.18 
108 1564790  1001.55  33.21 
109 1566792  1001.54  33.23 
110 1568794  1001.53  33.25 
111 1570796  1001.53  33.27 
112 1572798  1001.52  33.29 
113 1574800  1001.53  33.33 
114 1576802  1001.50  33.34 
115 1578804  1001.52  33.34 
116 1580807  1001.52  33.36 
117 1582809  1001.53  33.38 
118 1584812  1001.53  33.39 
119 1586814  1001.53  33.41 
120 1588817  1001.53  33.42 
121 1590819  1001.53  33.44 
122 1592821  1001.54  33.44 
123 1594823  1001.55  33.47 
124 1596825  1001.51  33.50 
125 1598827  1001.50  33.51 
126 1600829  1001.51  33.52 
127 1602831  1001.51  33.52 
128 1604833  1001.51  33.55 
129 1606835  1001.49  33.57 
130 1608837  1001.51  33.57 
131 1610841  1001.50  33.59 
132 1612843  1001.50  33.60 
133 1614846  1001.50  33.60 
134 1616848  1001.49  33.60 
135 1618850  1001.50  33.60 
136 1620852  1001.50  33.59 
137 1622854  1001.51  33.60 
138 1624856  1001.51  33.60 
139 1626858  1001.50  33.61 
140 1628860  1001.53  33.59 
141 1630862  1001.51  33.58 
142 1632864  1001.51  33.58 
143 1634866  1001.51  33.55 
144 1636869  1001.49  33.54 
145 1638871  1001.50  33.53 
146 1640874  1001.50  33.51 
147 1642876  1001.50  33.50 
148 1644878  1001.52  33.49 
149 1646880  1001.50  33.49 
150 1648882  1001.50  33.48 
151 1650884  1001.50  33.45 