rel. Feuchtigkeit (%), HS300-Temperatur (C), LPS22H-Temperatur (C)
100.00    125.00     28.94
77.31    29.42     29.08
77.73    29.46     29.08
78.14    29.50     29.08
78.53    29.53     29.08
78.89    29.55     29.08
79.25    29.57     29.08
79.59    29.59     29.08
79.91    29.62     29.08
80.24    29.64     29.08
80.52    29.68     29.08
80.79    29.68     29.24
81.07    29.69     29.24
81.35    29.73     29.24
81.60    29.76     29.24
81.84    29.76     29.24
82.06    29.78     29.24
82.30    29.82     29.24
82.52    29.83     29.24
82.71    29.85     29.24
82.91    29.86     29.41
83.09    29.88     29.41
83.26    29.90     29.41
83.44    29.92     29.41
83.60    29.94     29.41
83.76    29.94     29.41
83.91    29.97     29.41
84.06    29.98     29.41
84.20    30.01     29.41
84.34    30.02     29.41
84.45    30.02     29.57
84.59    30.05     29.57
84.70    30.06     29.57
84.81    30.06     29.57
84.94    30.09     29.57
85.05    30.12     29.57
85.15    30.13     29.57
85.25    30.15     29.57
85.34    30.16     29.57
85.45    30.17     29.57
85.55    30.19     29.71
85.63    30.21     29.71
85.72    30.23     29.71
85.80    30.23     29.71
85.89    30.25     29.71
85.96    30.27     29.71
86.03    30.27     29.71
86.11    30.28     29.71
86.18    30.29     29.71
86.25    30.31     29.71
86.32    30.34     29.86
86.39    30.36     29.86
86.46    30.36     29.86
86.51    30.38     29.86
86.58    30.40     29.86
86.63    30.42     29.86
86.69    30.42     29.86
86.75    30.43     29.86
86.81    30.44     29.86
86.87    30.44     29.86
86.93    30.46     29.99
86.97    30.48     29.99
87.01    30.48     29.99
87.08    30.50     29.99
87.12    30.51     29.99
87.16    30.52     29.99
87.21    30.54     29.99
87.26    30.55     29.99
87.30    30.58     29.99
87.35    30.57     29.99
87.39    30.59     30.12
87.42    30.59     30.12
87.47    30.61     30.12
87.51    30.62     30.12
87.55    30.63     30.12
87.58    30.63     30.12
87.63    30.66     30.12
87.65    30.66     30.12
87.69    30.69     30.12
87.73    30.69     30.12
87.76    30.69     30.25
87.79    30.71     30.25
87.82    30.71     30.25
87.85    30.74     30.25
87.90    30.74     30.25
87.91    30.75     30.25
87.94    30.77     30.25
87.98    30.78     30.25
88.01    30.80     30.25
88.04    30.81     30.25
88.07    30.82     30.36
88.10    30.82     30.36
88.11    30.84     30.36
88.14    30.84     30.36
88.16    30.86     30.36
88.19    30.86     30.36
88.23    30.89     30.36
88.24    30.89     30.36
88.27    30.91     30.36
88.29    30.93     30.36
88.30    30.93     30.48
88.32    30.94     30.48
88.35    30.95     30.48
88.36    30.97     30.48
88.38    30.97     30.48
88.40    30.98     30.48
88.42    31.01     30.48
88.43    30.99     30.48
88.45    31.01     30.48
88.46    31.02     30.48
88.49    31.05     30.58
88.49    31.04     30.58
88.52    31.06     30.58
88.54    31.06     30.58
88.55    31.09     30.58
88.55    31.08     30.58
88.56    31.09     30.58
88.58    31.10     30.58
88.60    31.12     30.58
88.60    31.13     30.58
88.61    31.13     30.69
88.62    31.14     30.69
88.64    31.14     30.69
88.65    31.16     30.69
88.66    31.17     30.69
88.66    31.18     30.69
88.67    31.18     30.69
88.69    31.20     30.69
88.70    31.21     30.69
88.70    31.21     30.69
88.71    31.23     30.79
88.73    31.23     30.79
88.73    31.25     30.79
88.73    31.26     30.79
88.76    31.28     30.79
88.76    31.28     30.79
88.76    31.29     30.79
88.77    31.30     30.79
88.77    31.30     30.79
88.77    31.32     30.79
88.77    31.33     30.89
88.79    31.33     30.89
88.79    31.33     30.89
88.79    31.36     30.89
88.80    31.36     30.89
88.80    31.36     30.89
88.80    31.37     30.89
88.81    31.40     30.89
88.81    31.40     30.89
88.81    31.40     30.89
88.81    31.40     30.98
88.83    31.41     30.98
88.83    31.41     30.98
88.84    31.44     30.98
88.84    31.44     30.98
88.84    31.45     30.98
88.84    31.45     30.98
88.83    31.48     30.98
88.84    31.46     30.98
88.83    31.48     30.98
88.84    31.51     31.08
88.84    31.49     31.08
88.84    31.51     31.08
88.84    31.52     31.08
88.84    31.52     31.08
88.84    31.52     31.08
88.82    31.53     31.08
88.82    31.53     31.08
88.84    31.56     31.08
88.83    31.55     31.08
88.83    31.56     31.16
88.83    31.57     31.16
88.84    31.59     31.16
88.84    31.60     31.16
88.84    31.60     31.16
88.84    31.60     31.16
88.84    31.60     31.16
88.83    31.61     31.16
88.83    31.63     31.16
88.83    31.63     31.16
88.83    31.63     31.24
88.84    31.65     31.24
88.84    31.65     31.24
88.82    31.67     31.24
88.82    31.65     31.24
88.82    31.67     31.24
88.82    31.68     31.24
88.82    31.69     31.24
88.81    31.68     31.24
88.82    31.71     31.24
88.82    31.71     31.33
88.82    31.72     31.33
88.80    31.74     31.33
88.80    31.74     31.33
88.81    31.75     31.33
88.81    31.75     31.33
88.80    31.75     31.33
88.80    31.76     31.33
88.80    31.78     31.33
88.78    31.79     31.33
88.78    31.79     31.40
88.79    31.80     31.40
88.79    31.82     31.40
88.77    31.80     31.40
88.77    31.82     31.40
88.77    31.83     31.40
88.77    31.83     31.40
88.76    31.84     31.40
88.76    31.83     31.40
88.76    31.84     31.40
88.76    31.87     31.48
88.74    31.86     31.48
88.74    31.87     31.48
88.73    31.88     31.48
88.73    31.90     31.48
88.71    31.90     31.48
88.71    31.90     31.48
88.73    31.91     31.48
88.71    31.91     31.48
88.71    31.92     31.48
88.71    31.94     31.56
88.70    31.94     31.56
88.70    31.95     31.56
88.70    31.95     31.56
88.69    31.97     31.56
88.69    31.97     31.56
88.67    31.97     31.56
88.67    31.98     31.56
88.67    31.98     31.56
88.67    32.01     31.64
88.66    31.99     31.64
88.67    32.02     31.64
88.65    32.01     31.64
88.66    32.02     31.64
88.64    32.02     31.64
88.63    32.03     31.64
88.62    32.05     31.64
88.62    32.05     31.64
88.60    32.05     31.64
88.61    32.06     31.71
88.61    32.06     31.71
88.61    32.06     31.71
88.60    32.07     31.71
88.60    32.09     31.71
88.59    32.09     31.71
88.59    32.10     31.71
88.58    32.09     31.71
88.58    32.10     31.71
88.56    32.10     31.71
88.56    32.11     31.77
88.56    32.13     31.77
88.56    32.14     31.77
88.56    32.14     31.77
88.54    32.14     31.77
88.54    32.14     31.77
88.52    32.14     31.77
88.52    32.17     31.77
88.51    32.15     31.77
88.49    32.17     31.77
88.49    32.17     31.85
88.51    32.18     31.85
88.49    32.20     31.85
88.48    32.20     31.85
88.48    32.21     31.85
88.46    32.21     31.85
88.46    32.21     31.85
88.45    32.22     31.85
88.45    32.22     31.85
88.44    32.25     31.85
88.42    32.24     31.90
88.42    32.25     31.90
88.41    32.26     31.90
88.41    32.25     31.90
88.40    32.26     31.90
88.40    32.28     31.90
88.38    32.26     31.90
88.38    32.28     31.90
88.37    32.28     31.90
88.38    32.29     31.90
88.37    32.30     31.98
88.36    32.29     31.98
88.35    32.30     31.98
88.35    32.32     31.98
88.34    32.32     31.98
88.34    32.33     31.98
88.33    32.33     31.98
88.33    32.33     31.98
88.31    32.33     31.98
88.32    32.34     31.98
88.30    32.38     32.04
88.30    32.36     32.04
88.29    32.38     32.04
88.29    32.38     32.04
88.27    32.38     32.04
88.27    32.37     32.04
88.26    32.38     32.04
88.26    32.38     32.04
88.24    32.38     32.04
88.26    32.40     32.04
88.24    32.40     32.10
88.24    32.41     32.10
88.23    32.41     32.10
88.23    32.43     32.10
88.21    32.44     32.10
88.21    32.44     32.10
88.20    32.45     32.10
88.20    32.44     32.10
88.19    32.45     32.10
88.18    32.47     32.10
88.17    32.47     32.16
88.17    32.47     32.16
88.15    32.47     32.16
88.15    32.48     32.16
88.14    32.48     32.16
88.14    32.48     32.16
88.13    32.49     32.16
88.13    32.52     32.16
88.12    32.51     32.16
88.12    32.52     32.16
88.10    32.52     32.22
88.10    32.52     32.22
88.09    32.52     32.22
88.09    32.53     32.22
88.09    32.55     32.22
88.07    32.55     32.22
88.08    32.56     32.22
88.05    32.55     32.22
88.05    32.57     32.22
88.05    32.57     32.22
88.04    32.56     32.26
88.02    32.59     32.26
88.02    32.59     32.26
88.01    32.59     32.26
88.01    32.59     32.26
87.99    32.59     32.26
88.01    32.60     32.26
87.99    32.61     32.26
87.99    32.61     32.26
87.98    32.61     32.26
87.98    32.64     32.32
87.98    32.64     32.32
87.97    32.65     32.32
87.97    32.64     32.32
87.95    32.67     32.32
87.95    32.65     32.32
87.94    32.65     32.32
87.94    32.67     32.32
87.92    32.67     32.32
87.93    32.68     32.32
87.93    32.68     32.38
87.92    32.68     32.38
87.92    32.68     32.38
87.90    32.69     32.38
87.90    32.69     32.38
87.90    32.69     32.38
87.89    32.71     32.38
87.89    32.71     32.38
87.88    32.72     32.38
87.86    32.72     32.38
87.86    32.71     32.43
87.85    32.72     32.43
87.85    32.73     32.43
87.84    32.73     32.43
87.84    32.75     32.43
87.83    32.75     32.43
87.83    32.75     32.43
87.81    32.75     32.43
87.81    32.76     32.43
87.80    32.75     32.43
87.80    32.77     32.49
87.79    32.77     32.49
87.79    32.77     32.49
87.77    32.79     32.49
87.77    32.80     32.49
87.76    32.79     32.49
87.76    32.81     32.49
87.76    32.80     32.49
87.76    32.81     32.49
87.74    32.80     32.49
87.74    32.81     32.54
87.74    32.81     32.54
87.73    32.83     32.54
87.73    32.83     32.54
87.73    32.83     32.54
87.74    32.84     32.54
87.74    32.84     32.54
87.74    32.85     32.54
87.74    32.87     32.54
87.74    32.85     32.54
87.74    32.87     32.60
87.74    32.87     32.60
87.74    32.87     32.60
87.76    32.88     32.60
87.76    32.88     32.60
87.76    32.88     32.60
87.76    32.90     32.60
87.76    32.90     32.60
87.76    32.90     32.60
87.76    32.91     32.60
87.76    32.91     32.65
87.76    32.91     32.65
87.76    32.94     32.65
87.76    32.92     32.65
87.76    32.92     32.65
87.76    32.94     32.65
87.76    32.92     32.65
87.76    32.94     32.65
87.76    32.95     32.65
87.76    32.95     32.65
87.76    32.95     32.71
87.76    32.96     32.71
87.76    32.96     32.71
87.76    32.96     32.71
87.76    32.96     32.71
87.74    32.98     32.71
87.74    32.98     32.71
87.74    32.98     32.71
87.74    32.99     32.71
87.74    32.99     32.71
87.74    32.99     32.75
87.74    32.99     32.75
87.74    33.00     32.75
87.73    33.00     32.75
87.73    33.02     32.75
87.73    33.02     32.75
87.73    33.03     32.75
87.73    33.02     32.75
87.73    33.03     32.75
87.72    33.03     32.81
87.73    33.04     32.81
87.73    33.04     32.81
87.73    33.06     32.81
87.71    33.04     32.81
87.71    33.04     32.81
87.71    33.06     32.81
87.71    33.06     32.81
87.69    33.06     32.81
87.69    33.07     32.81
87.69    33.07     32.85
87.69    33.07     32.85
87.68    33.08     32.85
87.69    33.10     32.85
87.67    33.08     32.85
87.67    33.08     32.85
87.68    33.10     32.85
87.68    33.10     32.85
87.67    33.10     32.85
87.67    33.10     32.85
87.65    33.11     32.90
87.65    33.11     32.90
87.65    33.13     32.90
87.64    33.13     32.90
87.64    33.13     32.90
87.63    33.13     32.90
87.63    33.13     32.90
87.63    33.14     32.90
87.62    33.15     32.90
87.62    33.15     32.90
87.62    33.15     32.94
87.60    33.14     32.94
87.60    33.15     32.94
87.58    33.15     32.94
87.58    33.18     32.94
87.58    33.18     32.94
87.58    33.18     32.94
87.56    33.18     32.94
87.56    33.18     32.94
87.55    33.19     32.94
87.55    33.19     32.99
87.55    33.21     32.99
87.54    33.21     32.99
87.54    33.22     32.99
87.52    33.21     32.99
87.52    33.22     32.99
87.52    33.23     32.99
87.51    33.23     32.99
87.51    33.23     32.99
87.49    33.23     32.99
87.49    33.23     33.04
87.49    33.25     33.04
87.48    33.25     33.04
87.48    33.25     33.04
87.47    33.26     33.04
87.47    33.26     33.04
87.46    33.26     33.04
87.46    33.26     33.04
87.46    33.27     33.04
87.44    33.27     33.04
87.44    33.27     33.09
87.43    33.29     33.09
87.43    33.29     33.09
87.41    33.29     33.09
87.41    33.29     33.09
87.40    33.29     33.09
87.40    33.30     33.09
87.40    33.30     33.09
87.39    33.31     33.09
87.39    33.30     33.09
87.37    33.30     33.13
87.38    33.31     33.13
87.36    33.33     33.13
87.36    33.33     33.13
87.36    33.31     33.13
87.35    33.33     33.13
87.35    33.33     33.13
87.35    33.33     33.13
87.33    33.34     33.13
87.33    33.34     33.13
87.33    33.36     33.18
87.32    33.36     33.18
87.32    33.37     33.18
87.31    33.37     33.18
87.30    33.36     33.18
87.31    33.37     33.18
87.30    33.37     33.18
87.30    33.37     33.18
87.28    33.38     33.18
87.28    33.38     33.18
87.27    33.38     33.22
87.27    33.40     33.22
87.26    33.40     33.22
87.26    33.40     33.22
87.26    33.40     33.22
87.24    33.40     33.22
87.25    33.42     33.22
87.23    33.41     33.22
87.24    33.42     33.22
87.24    33.42     33.22
87.22    33.42     33.26
87.22    33.44     33.26
87.22    33.44     33.26
87.21    33.45     33.26
87.21    33.44     33.26
87.21    33.45     33.26
87.19    33.45     33.26
87.19    33.45     33.26
87.19    33.45     33.26
87.18    33.46     33.26
87.18    33.48     33.31
87.18    33.46     33.31
87.17    33.49     33.31
87.16    33.46     33.31
87.17    33.48     33.31
87.16    33.48     33.31
87.16    33.48     33.31
87.16    33.48     33.31
87.14    33.49     33.31
87.14    33.49     33.31
87.14    33.49     33.34
87.13    33.49     33.34
87.13    33.50     33.34
87.13    33.53     33.34
87.11    33.52     33.34
87.11    33.50     33.34
87.10    33.52     33.34
87.10    33.52     33.34
87.11    33.53     33.34
87.09    33.53     33.34
87.09    33.53     33.39
87.08    33.53     33.39
87.08    33.53     33.39
87.07    33.53     33.39
87.07    33.54     33.39
87.05    33.54     33.39
87.05    33.54     33.39
87.04    33.56     33.39
87.04    33.56     33.39
87.04    33.57     33.39
87.02    33.56     33.43
87.02    33.57     33.43
87.02    33.57     33.43
87.00    33.57     33.43
87.00    33.57     33.43
87.00    33.57     33.43
86.99    33.57     33.43
87.00    33.60     33.43
87.00    33.60     33.43
86.99    33.59     33.43
86.99    33.59     33.47
86.99    33.61     33.47
86.99    33.60     33.47
86.97    33.60     33.47
86.97    33.61     33.47
86.96    33.61     33.47
86.96    33.61     33.47
86.96    33.63     33.47
86.96    33.63     33.47
86.94    33.63     33.47
86.94    33.64     33.50
86.93    33.64     33.50
86.93    33.63     33.50
86.93    33.64     33.50
86.92    33.64     33.50
86.92    33.65     33.50
86.92    33.65     33.50
86.90    33.67     33.50
86.90    33.67     33.50
86.90    33.65     33.50
86.90    33.67     33.55
86.89    33.69     33.55
86.89    33.69     33.55
86.89    33.69     33.55
86.87    33.69     33.55
86.87    33.69     33.55
86.88    33.70     33.55
86.87    33.69     33.55
86.88    33.72     33.55
86.88    33.70     33.55
86.86    33.72     33.59
86.86    33.70     33.59
86.86    33.72     33.59
86.85    33.73     33.59
86.85    33.72     33.59
86.85    33.73     33.59
86.83    33.74     33.59
86.83    33.74     33.59
86.83    33.74     33.59
86.83    33.73     33.63
86.82    33.74     33.63
86.82    33.74     33.63
86.80    33.74     33.63
86.82    33.76     33.63
86.82    33.77     33.63
86.82    33.77     33.63
86.80    33.76     33.63
86.80    33.77     33.63
86.80    33.77     33.63
86.79    33.77     33.66
86.79    33.77     33.66
86.79    33.78     33.66
86.78    33.78     33.66
86.78    33.80     33.66
86.78    33.78     33.66
86.78    33.80     33.66
86.76    33.80     33.66
86.76    33.80     33.66
86.76    33.80     33.66
86.75    33.80     33.69
86.75    33.81     33.69
86.75    33.81     33.69
86.75    33.81     33.69
86.74    33.81     33.69
86.74    33.83     33.69
86.74    33.83     33.69
86.74    33.83     33.69
86.74    33.84     33.69
86.72    33.84     33.69
86.72    33.84     33.73
86.72    33.84     33.73
86.72    33.84     33.73
86.72    33.85     33.73
86.71    33.85     33.73
86.72    33.87     33.73
86.71    33.85     33.73
86.71    33.85     33.73
86.71    33.88     33.73
86.71    33.87     33.73
86.71    33.88     33.77
86.71    33.88     33.77
86.69    33.89     33.77
86.69    33.88     33.77
86.69    33.89     33.77
86.69    33.89     33.77
86.68    33.89     33.77
86.68    33.91     33.77
86.68    33.91     33.77
86.68    33.89     33.77
86.66    33.91     33.80
86.66    33.92     33.80
86.66    33.91     33.80
86.66    33.92     33.80
86.66    33.92     33.80
86.65    33.93     33.80
86.65    33.92     33.80
86.65    33.92     33.80
86.65    33.93     33.80
86.65    33.95     33.80
86.65    33.95     33.83
86.63    33.93     33.83
86.63    33.93     33.83
86.63    33.96     33.83
86.63    33.96     33.83
86.63    33.96     33.83
86.62    33.96     33.83
86.62    33.96     33.83
86.62    33.96     33.83
86.62    33.96     33.83
86.62    33.96     33.87
86.62    33.96     33.87
86.63    33.97     33.87
86.61    33.97     33.87
86.61    33.99     33.87
86.61    33.99     33.87
86.62    34.00     33.87
86.61    33.99     33.87
86.61    33.99     33.87
86.60    33.99     33.87
86.61    34.00     33.91
86.61    34.00     33.91
86.61    34.00     33.91
86.61    34.01     33.91
86.61    34.01     33.91
86.61    34.01     33.91
86.59    34.01     33.91
86.61    34.01     33.91
86.60    34.03     33.91
86.59    34.01     33.91
86.60    34.03     33.93
86.60    34.03     33.93
86.60    34.03     33.93
86.60    34.05     33.93
86.60    34.07     33.93
86.59    34.05     33.93
86.59    34.07     33.93
86.59    34.07     33.93
86.59    34.07     33.93
86.59    34.07     33.93
86.57    34.07     33.97
86.59    34.07     33.97
86.57    34.08     33.97
86.57    34.08     33.97
86.58    34.09     33.97
86.57    34.08     33.97
86.56    34.08     33.97
86.57    34.09     33.97
86.57    34.09     33.97
86.57    34.09     33.97
86.55    34.11     34.00
86.55    34.09     34.00
86.55    34.11     34.00
86.53    34.11     34.00
86.53    34.09     34.00
86.53    34.11     34.00
86.53    34.12     34.00
86.52    34.13     34.00
86.52    34.13     34.00
86.52    34.13     34.00
86.51    34.13     34.03
86.51    34.13     34.03
86.51    34.13     34.03
86.51    34.13     34.03
86.49    34.13     34.03
86.49    34.15     34.03
86.49    34.15     34.03
86.48    34.16     34.03
86.48    34.15     34.03
86.48    34.16     34.03
86.46    34.16     34.06
86.46    34.15     34.06
86.46    34.16     34.06
86.46    34.16     34.06
86.45    34.16     34.06
86.45    34.16     34.06
86.45    34.17     34.06
86.44    34.17     34.06
86.44    34.17     34.06
86.44    34.19     34.06
86.44    34.19     34.08
86.44    34.19     34.08
86.42    34.19     34.08
86.42    34.19     34.08
86.42    34.19     34.08
86.42    34.20     34.08
86.42    34.20     34.08
86.42    34.20     34.08
86.41    34.21     34.08
86.41    34.21     34.08
86.41    34.21     34.12
86.41    34.21     34.12
86.39    34.21     34.12
86.39    34.21     34.12
86.39    34.21     34.12
86.39    34.21     34.12
86.39    34.21     34.12
86.39    34.23     34.12
86.38    34.23     34.12
86.39    34.24     34.12
86.38    34.23     34.14
86.38    34.23     34.14
86.39    34.24     34.14
86.39    34.24     34.14
86.38    34.25     34.14
86.38    34.25     34.14
86.38    34.25     34.14
86.38    34.24     34.14
86.38    34.25     34.14
86.36    34.25     34.14
86.36    34.25     34.17
86.36    34.25     34.17
86.36    34.27     34.17
86.36    34.27     34.17
86.36    34.27     34.17
86.35    34.28     34.17
86.35    34.28     34.17
86.35    34.28     34.17
86.35    34.28     34.17
86.35    34.30     34.17
86.35    34.28     34.21
86.35    34.30     34.21
86.35    34.30     34.21
86.35    34.31     34.21
86.35    34.31     34.21
86.34    34.30     34.21
86.35    34.31     34.21
86.35    34.31     34.21
86.35    34.31     34.21
86.35    34.31     34.21
86.35    34.31     34.24
86.33    34.32     34.24
86.33    34.32     34.24
86.33    34.32     34.24
86.33    34.34     34.24
86.33    34.32     34.24
86.33    34.34     34.24
86.33    34.34     34.24
86.32    34.34     34.24
86.32    34.34     34.26
86.32    34.35     34.26
86.32    34.35     34.26
86.32    34.35     34.26
86.31    34.36     34.26
86.31    34.35     34.26
86.31    34.35     34.26
86.31    34.35     34.26
86.31    34.36     34.26
86.30    34.36     34.26
86.30    34.36     34.29
86.30    34.38     34.29
86.30    34.36     34.29
86.28    34.38     34.29
86.28    34.38     34.29
86.28    34.38     34.29
86.28    34.39     34.29
86.28    34.38     34.29
86.27    34.39     34.29
86.27    34.39     34.29
86.27    34.39     34.32
86.27    34.40     34.32
86.26    34.40     34.32
86.26    34.40     34.32
86.26    34.40     34.32
86.26    34.40     34.32
86.24    34.39     34.32
86.25    34.40     34.32
86.25    34.40     34.32
86.25    34.40     34.32
86.23    34.42     34.34
86.23    34.42     34.34
86.23    34.43     34.34
86.23    34.42     34.34
86.22    34.44     34.34
86.22    34.44     34.34
86.22    34.43     34.34
86.22    34.44     34.34
86.22    34.43     34.34
86.20    34.44     34.34
86.21    34.46     34.38
86.21    34.46     34.38
86.20    34.44     34.38
86.20    34.44     34.38
86.21    34.46     34.38
86.20    34.46     34.38
86.20    34.46     34.38
86.20    34.46     34.38
86.20    34.46     34.38
86.18    34.46     34.38
86.18    34.46     34.40
86.17    34.47     34.40
86.18    34.46     34.40
86.17    34.47     34.40
86.17    34.47     34.40
86.17    34.47     34.40
86.16    34.47     34.40
86.16    34.48     34.40
86.16    34.48     34.40
86.16    34.48     34.40
86.16    34.48     34.43
86.16    34.48     34.43
86.16    34.50     34.43
86.16    34.50     34.43
86.16    34.48     34.43
86.16    34.48     34.43
86.17    34.51     34.43
86.14    34.50     34.43
86.15    34.51     34.43
86.15    34.51     34.43
86.15    34.53     34.44
86.15    34.53     34.44
86.15    34.51     34.44
86.15    34.51     34.44
86.15    34.51     34.44
86.15    34.53     34.44
86.15    34.54     34.44
86.15    34.53     34.44
86.15    34.53     34.44
86.15    34.53     34.44
86.14    34.53     34.47
86.14    34.54     34.47
86.14    34.54     34.47
86.14    34.55     34.47