Nr. rH in %  Temp in °C
  0 100.00 125.00
  1 67.35 23.35
  2 67.35 23.36
  3 68.22 23.37
  4 69.02 23.39
  5 69.77 23.42
  6 70.50 23.43
  7 71.21 23.44
  8 71.83 23.46
  9 72.42 23.46
 10 72.95 23.49
 11 73.48 23.49
 12 73.95 23.50
 13 74.42 23.51
 14 74.86 23.53
 15 75.30 23.54
 16 75.69 23.55
 17 76.07 23.57
 18 76.45 23.58
 19 76.79 23.60
 20 77.13 23.61
 21 77.43 23.62
 22 77.75 23.64
 23 78.06 23.67
 24 78.35 23.67
 25 78.63 23.69
 26 78.90 23.71
 27 79.15 23.72
 28 79.41 23.73
 29 79.64 23.76
 30 79.88 23.78
 31 80.12 23.80
 32 80.33 23.82
 33 80.54 23.83
 34 80.76 23.86
 35 80.96 23.87
 36 81.16 23.90
 37 81.33 23.91
 38 81.53 23.94
 39 81.70 23.96
 40 81.87 23.97
 41 82.04 24.00
 42 82.20 24.01
 43 82.37 24.04
 44 82.51 24.05
 45 82.66 24.08
 46 82.81 24.09
 47 82.95 24.12
 48 83.09 24.14
 49 83.22 24.16
 50 83.35 24.20
 51 83.49 24.21
 52 83.62 24.24
 53 83.73 24.27
 54 83.86 24.28
 55 83.97 24.30
 56 84.09 24.31
 57 84.20 24.34
 58 84.31 24.35
 59 84.40 24.38
 60 84.54 24.41
 61 84.62 24.42
 62 84.73 24.45
 63 84.84 24.48
 64 84.94 24.49
 65 85.02 24.51
 66 85.11 24.53
 67 85.22 24.55
 68 85.30 24.57
 69 85.40 24.60
 70 85.47 24.62
 71 85.56 24.64
 72 85.66 24.66
 73 85.74 24.69
 74 85.83 24.71
 75 85.90 24.73
 76 85.98 24.75
 77 86.05 24.77
 78 86.11 24.78
 79 86.17 24.80
 80 86.26 24.82
 81 86.30 24.84
 82 86.35 24.85
 83 86.39 24.88
 84 86.46 24.89
 85 86.54 24.92
 86 86.61 24.95
 87 86.67 24.96
 88 86.76 25.00
 89 86.83 25.03
 90 86.89 25.04
 91 86.97 25.08
 92 87.04 25.10
 93 87.10 25.12
 94 87.18 25.14
 95 87.26 25.17
 96 87.32 25.18
 97 87.38 25.21
 98 87.45 25.23
 99 87.51 25.25
100 87.57 25.26
101 87.62 25.29
102 87.68 25.30
103 87.74 25.35
104 87.80 25.36
105 87.85 25.37
106 87.91 25.40
107 87.97 25.41
108 88.01 25.43
109 88.07 25.47
110 88.12 25.48
111 88.17 25.51
112 88.23 25.53
113 88.27 25.54
114 88.32 25.57
115 88.37 25.60
116 88.43 25.60
117 88.48 25.63
118 88.52 25.66
119 88.56 25.67
120 88.61 25.70
121 88.65 25.72
122 88.70 25.74
123 88.74 25.76
124 88.78 25.77
125 88.83 25.80
126 88.87 25.83
127 88.92 25.84
128 88.96 25.84
129 89.00 25.87
130 89.04 25.89
131 89.08 25.89
132 89.12 25.94
133 89.16 25.95
134 89.20 25.96
135 89.25 25.99
136 89.28 26.01
137 89.34 26.05
138 89.37 26.05
139 89.40 26.06
140 89.43 26.09
141 89.48 26.10
142 89.51 26.12
143 89.54 26.14
144 89.59 26.16
145 89.62 26.19
146 89.65 26.20
147 89.70 26.23
148 89.73 26.24
149 89.76 26.25
150 89.79 26.27
151 89.84 26.30
152 89.86 26.31
153 89.90 26.32
154 89.92 26.34
155 89.96 26.37
156 89.98 26.38
157 90.01 26.39
158 90.06 26.42
159 90.09 26.43
160 90.11 26.45
161 90.15 26.48
162 90.17 26.49
163 90.20 26.50
164 90.24 26.53
165 90.26 26.55
166 90.29 26.56
167 90.33 26.59
168 90.36 26.60
169 90.38 26.61
170 90.41 26.63
171 90.44 26.64
172 90.47 26.67
173 90.50 26.67
174 90.52 26.70
175 90.55 26.71
176 90.58 26.72
177 90.59 26.75
178 90.62 26.77
179 90.65 26.78
180 90.69 26.79
181 90.71 26.81
182 90.73 26.84
183 90.77 26.85
184 90.80 26.86
185 90.81 26.86
186 90.83 26.90
187 90.86 26.90
188 90.89 26.93
189 90.91 26.95
190 90.94 26.96
191 90.95 26.97
192 90.98 27.00
193 91.00 27.03
194 91.03 27.04
195 91.05 27.06
196 91.08 27.06
197 91.09 27.09
198 91.12 27.10
199 91.14 27.13
200 91.17 27.15
201 91.19 27.16
202 91.20 27.17
203 91.23 27.19
204 91.25 27.20
205 91.27 27.22
206 91.30 27.23
207 91.31 27.24
208 91.33 27.26
209 91.35 27.28
210 91.38 27.28
211 91.39 27.30
212 91.41 27.33
213 91.42 27.34
214 91.45 27.35
215 91.48 27.37
216 91.49 27.38
217 91.51 27.40
218 91.52 27.41
219 91.55 27.42
220 91.56 27.44
221 91.58 27.45
222 91.59 27.46
223 91.61 27.48
224 91.64 27.51
225 91.65 27.51
226 91.67 27.53
227 91.69 27.53
228 91.71 27.55
229 91.74 27.56
230 91.75 27.59
231 91.77 27.60
232 91.78 27.62
233 91.79 27.62
234 91.81 27.63
235 91.82 27.64
236 91.84 27.67
237 91.85 27.67
238 91.87 27.69
239 91.89 27.71
240 91.91 27.73
241 91.92 27.74
242 91.94 27.74
243 91.95 27.75
244 91.97 27.78
245 91.99 27.78
246 92.00 27.80
247 92.02 27.81
248 92.03 27.82
249 92.05 27.84
250 92.06 27.85
251 92.06 27.87
252 92.08 27.88
253 92.10 27.89
254 92.11 27.91
255 92.11 27.91
256 92.13 27.93
257 92.14 27.95
258 92.16 27.96
259 92.17 27.96
260 92.19 27.98
261 92.21 27.99
262 92.22 28.00
263 92.22 28.00
264 92.24 28.03
265 92.25 28.05
266 92.27 28.06
267 92.27 28.06
268 92.30 28.09
269 92.31 28.09
270 92.32 28.10
271 92.34 28.11
272 92.34 28.13
273 92.36 28.13
274 92.37 28.16
275 92.37 28.17
276 92.38 28.17
277 92.41 28.18
278 92.41 28.20
279 92.41 28.21
280 92.43 28.23
281 92.44 28.24
282 92.46 28.25
283 92.47 28.27
284 92.47 28.28
285 92.49 28.28
286 92.51 28.29
287 92.52 28.31
288 92.52 28.31
289 92.53 28.32
290 92.53 28.34
291 92.55 28.35
292 92.57 28.36
293 92.57 28.38
294 92.59 28.39
295 92.59 28.41
296 92.60 28.41
297 92.60 28.43
298 92.61 28.43
299 92.64 28.46
300 92.64 28.47
301 92.66 28.47
302 92.66 28.48
303 92.67 28.50
304 92.68 28.50
305 92.69 28.53
306 92.71 28.54
307 92.71 28.54
308 92.72 28.55
309 92.74 28.57
310 92.74 28.57
311 92.74 28.58
312 92.75 28.59
313 92.75 28.61
314 92.77 28.61
315 92.78 28.62
316 92.80 28.62
317 92.80 28.64
318 92.81 28.66
319 92.81 28.66
320 92.82 28.66
321 92.83 28.69
322 92.84 28.71
323 92.84 28.71
324 92.86 28.72
325 92.86 28.73
326 92.86 28.73
327 92.88 28.76
328 92.88 28.77
329 92.90 28.77
330 92.90 28.77
331 92.91 28.79
332 92.91 28.80
333 92.91 28.82
334 92.93 28.82
335 92.93 28.83
336 92.94 28.83
337 92.94 28.84
338 92.94 28.86
339 92.96 28.87
340 92.96 28.87
341 92.98 28.89
342 92.98 28.90
343 92.98 28.90
344 92.99 28.91
345 92.99 28.93
346 93.00 28.94
347 93.02 28.94
348 93.02 28.95
349 93.02 28.97
350 93.04 28.97
351 93.04 28.98
352 93.05 29.00
353 93.05 29.00
354 93.05 29.01
355 93.05 29.02
356 93.08 29.04
357 93.08 29.04
358 93.08 29.05
359 93.08 29.07
360 93.08 29.07
361 93.08 29.08
362 93.11 29.09
363 93.11 29.09
364 93.11 29.11
365 93.11 29.12
366 93.13 29.12
367 93.13 29.13
368 93.13 29.15
369 93.13 29.16
370 93.15 29.16
371 93.15 29.18
372 93.15 29.16
373 93.15 29.19
374 93.16 29.19
375 93.17 29.20
376 93.17 29.20
377 93.18 29.22
378 93.18 29.23
379 93.18 29.24
380 93.18 29.24
381 93.19 29.26
382 93.19 29.27
383 93.21 29.26
384 93.21 29.29
385 93.21 29.29
386 93.21 29.30
387 93.22 29.31
388 93.22 29.31
389 93.22 29.33
390 93.23 29.33
391 93.23 29.33
392 93.23 29.34
393 93.24 29.36
394 93.25 29.37
395 93.25 29.37
396 93.25 29.38
397 93.25 29.40
398 93.25 29.38
399 93.26 29.41
400 93.26 29.41
401 93.26 29.41
402 93.26 29.44
403 93.27 29.44
404 93.27 29.45
405 93.28 29.47
406 93.28 29.47
407 93.28 29.48
408 93.28 29.47
409 93.29 29.49
410 93.29 29.49
411 93.29 29.51
412 93.29 29.52
413 93.29 29.54
414 93.30 29.52
415 93.29 29.54
416 93.30 29.54
417 93.30 29.55
418 93.30 29.56
419 93.31 29.58
420 93.31 29.58
421 93.30 29.59
422 93.30 29.59
423 93.30 29.60
424 93.30 29.60
425 93.31 29.62
426 93.31 29.63
427 93.31 29.63
428 93.31 29.66
429 93.31 29.66
430 93.31 29.65
431 93.31 29.66
432 93.31 29.66
433 93.30 29.67
434 93.32 29.69
435 93.31 29.70
436 93.32 29.70
437 93.31 29.70
438 93.31 29.72
439 93.32 29.73
440 93.32 29.73
441 93.32 29.73
442 93.32 29.75
443 93.32 29.77
444 93.32 29.77
445 93.32 29.78
446 93.32 29.79
447 93.32 29.79
448 93.31 29.82
449 93.31 29.82
450 93.31 29.83
451 93.31 29.83
452 93.31 29.85
453 93.31 29.85
454 93.32 29.86
455 93.32 29.87
456 93.30 29.86
457 93.31 29.89
458 93.31 29.89
459 93.31 29.90
460 93.32 29.91
461 93.30 29.91
462 93.30 29.93
463 93.30 29.93
464 93.30 29.93
465 93.30 29.94
466 93.29 29.94
467 93.30 29.97
468 93.30 29.97
469 93.29 29.97
470 93.29 29.97
471 93.29 30.00
472 93.27 29.98
473 93.27 30.00
474 93.28 30.01
475 93.27 30.01
476 93.27 30.03
477 93.27 30.03
478 93.25 30.04
479 93.25 30.05
480 93.25 30.05
481 93.24 30.07
482 93.24 30.07
483 93.24 30.08
484 93.24 30.08
485 93.22 30.09
486 93.22 30.11
487 93.22 30.11
488 93.22 30.12
489 93.22 30.12
490 93.21 30.12
491 93.21 30.15
492 93.19 30.15
493 93.19 30.15
494 93.18 30.16
495 93.16 30.16
496 93.16 30.16
497 93.17 30.19
498 93.15 30.19
499 93.14 30.19
500 93.13 30.21
501 93.13 30.22
502 93.11 30.22
503 93.11 30.22
504 93.11 30.23
505 93.10 30.23
506 93.08 30.25
507 93.08 30.23
508 93.08 30.26
509 93.06 30.26
510 93.05 30.27
511 93.04 30.27
512 93.04 30.29
513 93.02 30.29
514 93.00 30.29
515 92.99 30.30
516 92.98 30.32
517 92.97 30.32
518 92.95 30.32
519 92.97 30.33
520 92.94 30.33
521 92.94 30.34
522 92.93 30.36
523 92.91 30.36
524 92.90 30.36
525 92.88 30.37
526 92.85 30.37
527 92.84 30.37
528 92.83 30.39
529 92.82 30.40
530 92.80 30.41
531 92.79 30.40
532 92.77 30.41
533 92.74 30.43
534 92.74 30.43
535 92.72 30.43
536 92.71 30.44
537 92.70 30.45
538 92.67 30.45
539 92.66 30.45
540 92.63 30.47
541 92.61 30.47
542 92.60 30.48
543 92.58 30.48
544 92.57 30.48
545 92.54 30.50
546 92.53 30.51
547 92.50 30.51
548 92.49 30.51
549 92.46 30.52
550 92.44 30.52
551 92.41 30.54
552 92.39 30.54
553 92.38 30.54
554 92.35 30.54
555 92.33 30.55
556 92.30 30.57
557 92.28 30.57
558 92.26 30.57
559 92.24 30.58
560 92.21 30.58
561 92.21 30.59
562 92.17 30.59
563 92.14 30.59
564 92.11 30.61
565 92.08 30.61
566 92.06 30.62
567 92.03 30.62
568 92.01 30.63
569 91.99 30.63
570 91.96 30.63
571 91.94 30.65
572 91.91 30.65
573 91.88 30.66
574 91.85 30.66
575 91.83 30.66
576 91.78 30.68
577 91.77 30.69
578 91.72 30.69
579 91.69 30.69
580 91.67 30.69
581 91.66 30.70
582 91.61 30.72
583 91.58 30.72
584 91.56 30.73
585 91.52 30.73
586 91.49 30.73
587 91.46 30.74
588 91.44 30.74
589 91.39 30.74
590 91.38 30.76
591 91.34 30.76
592 91.30 30.77
593 91.28 30.77
594 91.25 30.77
595 91.20 30.79
596 91.17 30.79
597 91.15 30.79
598 91.11 30.80
599 91.09 30.81
600 91.06 30.80
601 91.02 30.81
602 90.99 30.81
603 90.96 30.83
604 90.94 30.83
605 90.89 30.83
606 90.87 30.84
607 90.84 30.84
608 90.80 30.86
609 90.77 30.87
610 90.75 30.87
611 90.72 30.87
612 90.68 30.87
613 90.65 30.88
614 90.62 30.88
615 90.58 30.88
616 90.55 30.90
617 90.53 30.90
618 90.51 30.91
619 90.48 30.91
620 90.45 30.91
621 90.42 30.91
622 90.39 30.92
623 90.35 30.94
624 90.32 30.94
625 90.29 30.95
626 90.26 30.95
627 90.24 30.95
628 90.22 30.95
629 90.18 30.95
630 90.15 30.97
631 90.13 30.97
632 90.10 30.98
633 90.07 30.98
634 90.06 30.99
635 90.03 30.99
636 90.00 30.99
637 89.97 31.01
638 89.94 31.01
639 89.92 31.02
640 89.90 31.01
641 89.88 31.01
642 89.86 31.02
643 89.82 31.04
644 89.81 31.04
645 89.78 31.04
646 89.75 31.05
647 89.74 31.05
648 89.73 31.05
649 89.70 31.05
650 89.68 31.08
651 89.67 31.08
652 89.65 31.08
653 89.62 31.09
654 89.61 31.09
655 89.58 31.09
656 89.56 31.09
657 89.56 31.10
658 89.53 31.10
659 89.51 31.12
660 89.50 31.12
661 89.48 31.12
662 89.46 31.12
663 89.45 31.13
664 89.43 31.13
665 89.42 31.13
666 89.39 31.15
667 89.38 31.15
668 89.37 31.15
669 89.35 31.16
670 89.34 31.16
671 89.32 31.17
672 89.31 31.17
673 89.30 31.17
674 89.28 31.19
675 89.27 31.19
676 89.26 31.20
677 89.26 31.19
678 89.24 31.20
679 89.23 31.20
680 89.22 31.20
681 89.20 31.20
682 89.19 31.23
683 89.18 31.23
684 89.18 31.23
685 89.16 31.23
686 89.15 31.24
687 89.14 31.25
688 89.14 31.25
689 89.12 31.25
690 89.11 31.27
691 89.09 31.25
692 89.09 31.27
693 89.08 31.27
694 89.07 31.28
695 89.07 31.28
696 89.06 31.29
697 89.06 31.29
698 89.04 31.29
699 89.03 31.29
700 89.03 31.31
701 89.02 31.31
702 89.00 31.31
703 88.99 31.31
704 88.99 31.32
705 88.98 31.32
706 88.96 31.32
707 88.96 31.34
708 88.96 31.34
709 88.94 31.34
710 88.93 31.34
711 88.93 31.35
712 88.92 31.35
713 88.92 31.35
714 88.90 31.35
715 88.89 31.36
716 88.89 31.38
717 88.87 31.38
718 88.87 31.38
719 88.87 31.39
720 88.84 31.38
721 88.84 31.39
722 88.84 31.39
723 88.83 31.41
724 88.81 31.41
725 88.81 31.41
726 88.80 31.41
727 88.78 31.41
728 88.78 31.41
729 88.77 31.42
730 88.76 31.43
731 88.76 31.43
732 88.74 31.43
733 88.74 31.43
734 88.73 31.45
735 88.73 31.45
736 88.72 31.46
737 88.70 31.45
738 88.71 31.47
739 88.71 31.46
740 88.70 31.47
741 88.70 31.46
742 88.68 31.47
743 88.67 31.47
744 88.67 31.47
745 88.67 31.47
746 88.65 31.49
747 88.65 31.49
748 88.63 31.50
749 88.63 31.50
750 88.62 31.50
751 88.61 31.50
752 88.61 31.52
753 88.59 31.52
754 88.59 31.52
755 88.58 31.50
756 88.58 31.53
757 88.56 31.53
758 88.56 31.54
759 88.55 31.53
760 88.55 31.54
761 88.55 31.54
762 88.54 31.54
763 88.52 31.54
764 88.53 31.56
765 88.53 31.57
766 88.52 31.56
767 88.52 31.57
768 88.50 31.58
769 88.50 31.58
770 88.50 31.57
771 88.49 31.57
772 88.49 31.58
773 88.48 31.60
774 88.48 31.60
775 88.46 31.60
776 88.46 31.60
777 88.47 31.61
778 88.45 31.61
779 88.45 31.61
780 88.44 31.63
781 88.44 31.63
782 88.43 31.63
783 88.43 31.64
784 88.41 31.63
785 88.41 31.63
786 88.40 31.64
787 88.40 31.64
788 88.40 31.64
789 88.38 31.64
790 88.38 31.65
791 88.38 31.67
792 88.38 31.67
793 88.37 31.67
794 88.37 31.67
795 88.35 31.68
796 88.35 31.67
797 88.34 31.68
798 88.34 31.68
799 88.32 31.70
800 88.32 31.70
801 88.32 31.70
802 88.30 31.70
803 88.30 31.70
804 88.30 31.71
805 88.30 31.71
806 88.28 31.71
807 88.29 31.72
808 88.27 31.72
809 88.27 31.72
810 88.26 31.72
811 88.26 31.74
812 88.25 31.74
813 88.25 31.74
814 88.25 31.75
815 88.23 31.75
816 88.23 31.75
817 88.22 31.75
818 88.23 31.76
819 88.21 31.76
820 88.21 31.76
821 88.20 31.76
822 88.20 31.78
823 88.18 31.76
824 88.18 31.78
825 88.17 31.78
826 88.17 31.79
827 88.16 31.79
828 88.16 31.79
829 88.16 31.79
830 88.14 31.81
831 88.14 31.81
832 88.13 31.81
833 88.12 31.81
834 88.12 31.82
835 88.10 31.82
836 88.10 31.82
837 88.10 31.83
838 88.09 31.83
839 88.09 31.83
840 88.09 31.85
841 88.07 31.85
842 88.07 31.85
843 88.06 31.85
844 88.05 31.85
845 88.05 31.85
846 88.03 31.85
847 88.03 31.86
848 88.03 31.86
849 88.02 31.88
850 88.01 31.88
851 88.01 31.89
852 88.01 31.88
853 88.01 31.89
854 88.00 31.89
855 88.00 31.89
856 87.98 31.90
857 87.98 31.90
858 87.97 31.90
859 87.97 31.90
860 87.97 31.92
861 87.96 31.92
862 87.96 31.92
863 87.96 31.92
864 87.96 31.93
865 87.95 31.93
866 87.95 31.94
867 87.95 31.93
868 87.94 31.94
869 87.94 31.94
870 87.94 31.94
871 87.92 31.94
872 87.93 31.96
873 87.93 31.96
874 87.91 31.96
875 87.91 31.97
876 87.91 31.97
877 87.90 31.97
878 87.90 31.97
879 87.90 31.97
880 87.88 31.97
881 87.89 31.99
882 87.89 31.99
883 87.87 31.99
884 87.87 32.00
885 87.86 32.00
886 87.87 32.01
887 87.86 32.00
888 87.85 32.01
889 87.85 32.01
890 87.85 32.01
891 87.83 32.03
892 87.83 32.01
893 87.82 32.03
894 87.82 32.03
895 87.82 32.03
896 87.82 32.04
897 87.82 32.04
898 87.80 32.06
899 87.80 32.04
900 87.80 32.06