Nr. rH in %  Temp in °C
  0 100.00 125.00
  1 27.86 24.08
  2 27.85 24.08
  3 27.85 24.09
  4 27.85 24.09
  5 27.85 24.09
  6 27.85 24.09
  7 27.85 24.09
  8 27.85 24.09
  9 27.83 24.09
 10 27.83 24.09
 11 27.80 24.09
 12 27.78 24.08
 13 27.75 24.08
 14 27.72 24.08
 15 27.71 24.08
 16 27.69 24.09
 17 27.66 24.09
 18 27.64 24.08
 19 27.64 24.08
 20 27.63 24.08
 21 27.63 24.08
 22 27.60 24.08
 23 27.60 24.08
 24 27.60 24.08
 25 27.60 24.08
 26 27.60 24.08
 27 27.63 24.07
 28 27.63 24.07
 29 27.64 24.08
 30 27.66 24.07
 31 27.69 24.08
 32 27.69 24.07
 33 27.71 24.07
 34 27.71 24.08
 35 27.72 24.07
 36 27.72 24.07
 37 27.72 24.07
 38 27.75 24.07
 39 27.75 24.07
 40 27.75 24.07
 41 27.75 24.07
 42 27.75 24.07
 43 27.77 24.07
 44 27.77 24.07
 45 27.75 24.07
 46 27.73 24.05
 47 27.72 24.07
 48 27.72 24.07
 49 27.71 24.07
 50 27.69 24.07
 51 27.66 24.05
 52 27.64 24.05
 53 27.64 24.05
 54 27.62 24.05
 55 27.63 24.07
 56 27.62 24.05
 57 27.64 24.05
 58 27.64 24.07
 59 27.66 24.05
 60 27.66 24.05
 61 27.68 24.05
 62 27.69 24.07
 63 27.70 24.05
 64 27.72 24.05
 65 27.73 24.05
 66 27.73 24.05
 67 27.75 24.05
 68 27.75 24.04
 69 27.77 24.04
 70 27.77 24.05
 71 27.77 24.05
 72 27.77 24.05
 73 27.77 24.05
 74 27.77 24.04
 75 27.75 24.04
 76 27.75 24.04
 77 27.73 24.04
 78 27.72 24.04
 79 27.72 24.04
 80 27.72 24.04
 81 27.72 24.03
 82 27.72 24.04
 83 27.72 24.03
 84 27.72 24.04
 85 27.72 24.04
 86 27.72 24.04
 87 27.72 24.04
 88 27.73 24.03
 89 27.73 24.04
 90 27.73 24.04
 91 27.73 24.03
 92 27.73 24.04
 93 27.73 24.03
 94 27.75 24.04
 95 27.75 24.03
 96 27.75 24.03
 97 27.75 24.03
 98 27.77 24.03
 99 27.77 24.03
100 27.77 24.04
101 27.75 24.04
102 27.75 24.03
103 27.75 24.03
104 27.73 24.03
105 27.72 24.03
106 27.72 24.03
107 27.70 24.03
108 27.68 24.03
109 27.66 24.01
110 27.66 24.03
111 27.64 24.03
112 27.64 24.01
113 27.64 24.03
114 27.64 24.01
115 27.60 24.00
116 27.62 24.01
117 27.62 24.03
118 27.62 24.01
119 27.62 24.01
120 27.64 24.01
121 27.64 24.01
122 27.64 24.01
123 27.64 24.01
124 27.63 24.00
125 27.64 24.01
126 27.66 24.01
127 27.66 24.01
128 27.66 24.01
129 27.64 24.00
130 27.66 24.01
131 27.68 24.01
132 27.68 24.01
133 27.66 24.00
134 27.68 24.01
135 27.66 24.00
136 27.70 24.01
137 27.69 24.00
138 27.72 24.01
139 27.71 24.00
140 27.71 24.00
141 27.71 24.00
142 27.71 24.00
143 27.73 24.01
144 27.72 24.00
145 27.72 24.00
146 27.72 23.98
147 27.72 24.00
148 27.72 24.00
149 27.72 24.00
150 27.72 23.98
151 27.72 23.98
152 27.72 23.98
153 27.72 23.98
154 27.75 23.98
155 27.75 23.98
156 27.75 23.98
157 27.75 23.98
158 27.75 23.98
159 27.75 23.98
160 27.75 23.98
161 27.72 23.98
162 27.71 23.97
163 27.71 23.97
164 27.69 23.97
165 27.66 23.97
166 27.66 23.98
167 27.64 23.97
168 27.64 23.97
169 27.63 23.97
170 27.63 23.97
171 27.60 23.97
172 27.60 23.98
173 27.60 23.97
174 27.60 23.97
175 27.60 23.97
176 27.60 23.97
177 27.60 23.97
178 27.60 23.97
179 27.60 23.97
180 27.58 23.98
181 27.58 23.97
182 27.58 23.97
183 27.58 23.97
184 27.58 23.97
185 27.58 23.97
186 27.58 23.97
187 27.58 23.97
188 27.58 23.97
189 27.58 23.97
190 27.58 23.97
191 27.64 23.96
192 27.77 23.96
193 27.91 23.96
194 28.02 23.96
195 28.12 23.96
196 28.22 23.96
197 28.29 23.97
198 28.35 23.96
199 28.38 23.96
200 28.41 23.96
201 28.43 23.96
202 28.44 23.96
203 28.44 23.96
204 28.46 23.96
205 28.50 23.96
206 28.52 23.96
207 28.54 23.96
208 28.56 23.97
209 28.58 23.96
210 28.60 23.96
211 28.62 23.96
212 28.62 23.94
213 28.62 23.96
214 28.60 23.96
215 28.58 23.96
216 28.56 23.96
217 28.54 23.96
218 28.50 23.96
219 28.48 23.96
220 28.45 23.94
221 28.41 23.94
222 28.40 23.94
223 28.36 23.96
224 28.33 23.94
225 28.31 23.94
226 28.29 23.94
227 28.27 23.94
228 28.27 23.94
229 28.27 23.94
230 28.27 23.94
231 28.27 23.94
232 28.27 23.94
233 28.25 23.94
234 28.25 23.93
235 28.23 23.94
236 28.21 23.94
237 28.20 23.94
238 28.18 23.93
239 28.16 23.93
240 28.16 23.94
241 28.14 23.93
242 28.11 23.93
243 28.11 23.94
244 28.11 23.93
245 28.11 23.94
246 28.11 23.93
247 28.11 23.94
248 28.11 23.93
249 28.11 23.93
250 28.10 23.93
251 28.10 23.93
252 28.08 23.93
253 28.08 23.93
254 28.05 23.93
255 28.05 23.93
256 28.04 23.93
257 28.04 23.93
258 28.02 23.93
259 28.02 23.93
260 27.99 23.93
261 27.99 23.93
262 27.99 23.93
263 27.99 23.93
264 27.97 23.93
265 27.97 23.91
266 27.97 23.93
267 27.97 23.93
268 27.97 23.93
269 27.97 23.94
270 27.97 23.93
271 27.97 23.93
272 27.99 23.93
273 27.99 23.93
274 27.99 23.91
275 27.99 23.91
276 27.99 23.93
277 27.99 23.93
278 27.99 23.93
279 27.99 23.93
280 28.02 23.93
281 28.02 23.93
282 28.02 23.93
283 28.04 23.93
284 28.04 23.93
285 28.04 23.93
286 28.04 23.93
287 28.04 23.93
288 28.05 23.93
289 28.05 23.91
290 28.05 23.91
291 28.05 23.91
292 28.05 23.91
293 28.05 23.91
294 28.05 23.91
295 28.05 23.93
296 28.08 23.93
297 28.08 23.91
298 28.08 23.93
299 28.08 23.91
300 28.08 23.91
301 28.08 23.91
302 28.08 23.91
303 28.08 23.91
304 28.08 23.91
305 28.08 23.91
306 28.08 23.91
307 28.08 23.91
308 28.08 23.91
309 28.08 23.91
310 28.08 23.91
311 28.05 23.91
312 28.05 23.91
313 28.05 23.91
314 28.05 23.90
315 28.05 23.90
316 28.05 23.90
317 28.05 23.91
318 28.05 23.91
319 28.08 23.91
320 28.08 23.90
321 28.08 23.91
322 28.08 23.90
323 28.10 23.90
324 28.10 23.91
325 28.10 23.91
326 28.10 23.91
327 28.10 23.90
328 28.08 23.90
329 28.08 23.90
330 28.08 23.90
331 28.05 23.90
332 28.05 23.90
333 28.02 23.89
334 28.04 23.90
335 28.02 23.90
336 27.99 23.90
337 27.98 23.89
338 27.97 23.90
339 27.95 23.89
340 27.95 23.89
341 27.93 23.89
342 27.91 23.89
343 27.91 23.90
344 27.91 23.89
345 27.91 23.89
346 27.91 23.89
347 27.91 23.90
348 27.93 23.89
349 27.93 23.89
350 27.93 23.89
351 27.96 23.90
352 27.95 23.89
353 27.95 23.89
354 27.96 23.90
355 27.97 23.90
356 27.97 23.90
357 27.97 23.89
358 27.98 23.89
359 27.98 23.89
360 27.98 23.89
361 27.99 23.90
362 27.98 23.89
363 27.98 23.89
364 27.98 23.89
365 27.97 23.87
366 27.97 23.87
367 27.95 23.89
368 27.93 23.87
369 27.91 23.87
370 27.89 23.87
371 27.89 23.87
372 27.88 23.87
373 27.88 23.87
374 27.85 23.87
375 27.85 23.87
376 27.83 23.87
377 27.83 23.89
378 27.82 23.87
379 27.80 23.89
380 27.82 23.87
381 27.82 23.87
382 27.82 23.87
383 27.78 23.89
384 27.79 23.87
385 27.79 23.87
386 27.79 23.87
387 27.79 23.87
388 27.79 23.87
389 27.79 23.86
390 27.79 23.87
391 27.79 23.87
392 27.79 23.87
393 27.79 23.87
394 27.79 23.87
395 27.79 23.87
396 27.79 23.87
397 27.79 23.87
398 27.79 23.87
399 27.78 23.89
400 27.79 23.87
401 27.79 23.87
402 27.79 23.87
403 27.77 23.87
404 27.77 23.87
405 27.77 23.86
406 27.77 23.86
407 27.77 23.87
408 27.77 23.87
409 27.77 23.87
410 27.79 23.86
411 27.79 23.87
412 27.79 23.86
413 27.79 23.86
414 27.79 23.87
415 27.79 23.87
416 27.82 23.87
417 27.82 23.86
418 27.82 23.87
419 27.82 23.87
420 27.82 23.87
421 27.82 23.87
422 27.82 23.87
423 27.83 23.86
424 27.82 23.87
425 27.82 23.86
426 27.82 23.87
427 27.82 23.87
428 27.82 23.86
429 27.82 23.87
430 27.82 23.86
431 27.82 23.86
432 27.79 23.86
433 27.79 23.86
434 27.79 23.86
435 27.79 23.86
436 27.77 23.87
437 27.77 23.86
438 27.75 23.86
439 27.75 23.86
440 27.75 23.86
441 27.73 23.87
442 27.73 23.87
443 27.72 23.86
444 27.72 23.87
445 27.70 23.86
446 27.68 23.86
447 27.68 23.86
448 27.66 23.86
449 27.66 23.86
450 27.64 23.86
451 27.64 23.85
452 27.64 23.86
453 27.62 23.86
454 27.62 23.85
455 27.62 23.86
456 27.62 23.85
457 27.62 23.86
458 27.62 23.86
459 27.62 23.86
460 27.60 23.86
461 27.60 23.86
462 27.60 23.86
463 27.60 23.85
464 27.60 23.86
465 27.60 23.86
466 27.60 23.86
467 27.58 23.86
468 27.58 23.85
469 27.58 23.86
470 27.60 23.85
471 27.60 23.85
472 27.60 23.85
473 27.60 23.86
474 27.62 23.85
475 27.64 23.86
476 27.64 23.86
477 27.64 23.85
478 27.64 23.85
479 27.64 23.86
480 27.64 23.85
481 27.64 23.85
482 27.64 23.85
483 27.64 23.85
484 27.62 23.85
485 27.62 23.86
486 27.62 23.85
487 27.62 23.85
488 27.60 23.85
489 27.60 23.85
490 27.58 23.83
491 27.58 23.83
492 27.60 23.85
493 27.58 23.85
494 27.58 23.85
495 27.58 23.85
496 27.57 23.83
497 27.58 23.85
498 27.58 23.85
499 27.57 23.83
500 27.56 23.85
501 27.56 23.85
502 27.54 23.83
503 27.56 23.85
504 27.54 23.83
505 27.54 23.83
506 27.54 23.83
507 27.54 23.83
508 27.56 23.85
509 27.54 23.83
510 27.54 23.83
511 27.54 23.83
512 27.54 23.83
513 27.54 23.83
514 27.54 23.83
515 27.54 23.83
516 27.54 23.82
517 27.54 23.83
518 27.54 23.83
519 27.54 23.83
520 27.57 23.83
521 27.57 23.83
522 27.57 23.83
523 27.57 23.83
524 27.58 23.83
525 27.58 23.83
526 27.58 23.82
527 27.58 23.83
528 27.60 23.83
529 27.60 23.83
530 27.60 23.83
531 27.60 23.83
532 27.63 23.83
533 27.63 23.83
534 27.63 23.83
535 27.63 23.82
536 27.63 23.83
537 27.63 23.83
538 27.63 23.83
539 27.63 23.83
540 27.63 23.82
541 27.63 23.82
542 27.63 23.82
543 27.63 23.82
544 27.63 23.82
545 27.63 23.82
546 27.64 23.82
547 27.64 23.82
548 27.64 23.82
549 27.66 23.83
550 27.66 23.82
551 27.66 23.82
552 27.64 23.80
553 27.64 23.82
554 27.64 23.82
555 27.64 23.80
556 27.64 23.82
557 27.64 23.82
558 27.64 23.80
559 27.64 23.82
560 27.64 23.82
561 27.64 23.82
562 27.64 23.82
563 27.64 23.82
564 27.64 23.80
565 27.64 23.82
566 27.64 23.82
567 27.64 23.82
568 27.64 23.80
569 27.64 23.82
570 27.64 23.82
571 27.66 23.82
572 27.66 23.82
573 27.66 23.82
574 27.66 23.82
575 27.69 23.82
576 27.69 23.82
577 27.69 23.82
578 27.69 23.82
579 27.71 23.82
580 27.71 23.82
581 27.72 23.82
582 27.72 23.80
583 27.75 23.82
584 27.77 23.82
585 27.77 23.80
586 27.78 23.80
587 27.80 23.82
588 27.83 23.80
589 27.86 23.80
590 27.89 23.80
591 27.91 23.82
592 27.93 23.80
593 27.93 23.80
594 27.95 23.80
595 27.95 23.80
596 27.97 23.80
597 27.97 23.80
598 27.97 23.80
599 27.98 23.80
600 27.98 23.80
601 27.98 23.80
602 27.98 23.80
603 27.98 23.82
604 27.98 23.80
605 27.98 23.80
606 27.98 23.80
607 28.00 23.80
608 28.00 23.82
609 28.00 23.80
610 28.02 23.80
611 28.02 23.80
612 28.02 23.80
613 28.04 23.80
614 28.04 23.80
615 28.06 23.80
616 28.06 23.80
617 28.06 23.80
618 28.08 23.79
619 28.08 23.80
620 28.08 23.80
621 28.08 23.79
622 28.08 23.79
623 28.08 23.80
624 28.08 23.80
625 28.08 23.80
626 28.08 23.80
627 28.08 23.80
628 28.08 23.80
629 28.08 23.79
630 28.08 23.80
631 28.08 23.80
632 28.08 23.79
633 28.08 23.79
634 28.08 23.79
635 28.08 23.80
636 28.06 23.80
637 28.06 23.80
638 28.06 23.80
639 28.06 23.80
640 28.05 23.79
641 28.06 23.80
642 28.05 23.79
643 28.06 23.80
644 28.05 23.79
645 28.04 23.79
646 28.04 23.80
647 28.04 23.79
648 28.04 23.79
649 28.04 23.79
650 28.04 23.80
651 28.04 23.80
652 28.04 23.79
653 28.02 23.80
654 28.02 23.79
655 28.02 23.79
656 28.02 23.79
657 28.02 23.79
658 27.99 23.78
659 27.99 23.79
660 27.99 23.79
661 27.99 23.79
662 27.99 23.79
663 27.99 23.79
664 27.99 23.79
665 27.99 23.78
666 27.99 23.78
667 28.02 23.79
668 28.02 23.79
669 28.02 23.79
670 28.02 23.79
671 28.02 23.79
672 28.02 23.79
673 28.02 23.79
674 28.02 23.79
675 28.02 23.79
676 28.02 23.79
677 28.04 23.79
678 28.04 23.78
679 28.04 23.78
680 28.05 23.78
681 28.05 23.78
682 28.05 23.78
683 28.08 23.78
684 28.08 23.78
685 28.08 23.79
686 28.10 23.78
687 28.10 23.78
688 28.10 23.79
689 28.10 23.78
690 28.10 23.78
691 28.11 23.78
692 28.11 23.78
693 28.11 23.78
694 28.11 23.78
695 28.11 23.78
696 28.14 23.79
697 28.14 23.78
698 28.14 23.78
699 28.14 23.78
700 28.16 23.79
701 28.16 23.78
702 28.18 23.78
703 28.18 23.78
704 28.18 23.78
705 28.20 23.79
706 28.20 23.78
707 28.21 23.78
708 28.23 23.78
709 28.23 23.78
710 28.25 23.78
711 28.27 23.78
712 28.27 23.79
713 28.27 23.78
714 28.27 23.79
715 28.29 23.79
716 28.29 23.78
717 28.31 23.78
718 28.31 23.78
719 28.33 23.78
720 28.33 23.78
721 28.35 23.78
722 28.35 23.78
723 28.35 23.78
724 28.37 23.78
725 28.37 23.78
726 28.37 23.78
727 28.40 23.78
728 28.40 23.78
729 28.41 23.78
730 28.41 23.78
731 28.43 23.78
732 28.43 23.78
733 28.45 23.78
734 28.45 23.78
735 28.47 23.78
736 28.47 23.78
737 28.49 23.78
738 28.49 23.76
739 28.49 23.78
740 28.51 23.78
741 28.51 23.76
742 28.51 23.76
743 28.51 23.78
744 28.51 23.76
745 28.51 23.76
746 28.49 23.78
747 28.49 23.76
748 28.47 23.78
749 28.45 23.78
750 28.45 23.76
751 28.43 23.78
752 28.40 23.78
753 28.37 23.78
754 28.35 23.78
755 28.31 23.78
756 28.29 23.79
757 28.25 23.76
758 28.23 23.76
759 28.21 23.76
760 28.20 23.76
761 28.18 23.76
762 28.16 23.76
763 28.16 23.76
764 28.14 23.76
765 28.14 23.78
766 28.11 23.76
767 28.11 23.76
768 28.10 23.76
769 28.10 23.76
770 28.10 23.76
771 28.08 23.76
772 28.05 23.76
773 28.05 23.76
774 28.05 23.76
775 28.04 23.76
776 28.02 23.78
777 28.02 23.76
778 28.02 23.76
779 27.99 23.76
780 27.99 23.76
781 27.99 23.76
782 27.99 23.76
783 27.99 23.78
784 27.99 23.76
785 27.97 23.76
786 27.97 23.76
787 27.97 23.76
788 27.97 23.76
789 27.96 23.76
790 27.96 23.75
791 27.96 23.76
792 27.96 23.76
793 27.96 23.76
794 27.96 23.76
795 27.96 23.76
796 27.96 23.76
797 27.96 23.75
798 27.96 23.76
799 27.96 23.76
800 27.96 23.76
801 27.96 23.76
802 27.96 23.76
803 27.96 23.75
804 27.96 23.76
805 27.96 23.76
806 27.93 23.76
807 27.93 23.76
808 27.93 23.76
809 27.91 23.75
810 27.91 23.76
811 27.91 23.75
812 27.91 23.75
813 27.91 23.76
814 27.89 23.75
815 27.89 23.76
816 27.89 23.75
817 27.89 23.75
818 27.89 23.76
819 27.89 23.75
820 27.89 23.75
821 27.89 23.75
822 27.89 23.75
823 27.89 23.76
824 27.89 23.76
825 27.89 23.75
826 27.89 23.75
827 27.89 23.75
828 27.89 23.76
829 27.89 23.75
830 27.89 23.76
831 27.89 23.76
832 27.89 23.75
833 27.89 23.76
834 27.89 23.75
835 27.89 23.75
836 27.89 23.75
837 27.89 23.75
838 27.89 23.75
839 27.91 23.75
840 27.91 23.76
841 27.91 23.75
842 27.91 23.75
843 27.91 23.76
844 27.91 23.75
845 27.91 23.75
846 27.91 23.75
847 27.91 23.75
848 27.91 23.75
849 27.91 23.75
850 27.91 23.75
851 27.91 23.73
852 27.91 23.75
853 27.93 23.75
854 27.91 23.75
855 27.93 23.75
856 27.93 23.75
857 27.93 23.75
858 27.93 23.75
859 27.96 23.75
860 27.96 23.75
861 27.96 23.75
862 27.97 23.73
863 27.97 23.73
864 27.97 23.73
865 27.98 23.73
866 27.99 23.75
867 27.98 23.73
868 27.98 23.73
869 27.98 23.73
870 28.02 23.75
871 28.02 23.75
872 28.02 23.75
873 28.00 23.73
874 28.04 23.75
875 28.04 23.75
876 28.04 23.75
877 28.05 23.75
878 28.04 23.73
879 28.05 23.75
880 28.08 23.75
881 28.08 23.75
882 28.06 23.73
883 28.08 23.73
884 28.10 23.75
885 28.10 23.75
886 28.10 23.73
887 28.10 23.73
888 28.11 23.75
889 28.12 23.73
890 28.12 23.73
891 28.16 23.75
892 28.15 23.73
893 28.15 23.73
894 28.16 23.73
895 28.18 23.75
896 28.16 23.73
897 28.16 23.73
898 28.18 23.75
899 28.16 23.73
900 28.18 23.75